version https://git-lfs.github.com/spec/v1
oid sha256:1019f5b85d80e9ca57aebc07e53e875910e060852d524c37308d8b15f8649e6b
size 117981
